{
    "end_stations": [
        0
    ],
    "station_delay": 6,
    "station_distance_matrix": [
        [
            0.0,
            137.00364685058594,
            109.15901947021484,
            179.38784790039063,
            144.722412109375
        ],
        [
            137.00364685058594,
            0.0,
            88.19205474853516,
            105.32527160644531,
            48.747642517089844
        ],
        [
            109.15901947021484,
            88.19205474853516,
            0.0,
            73.19844055175781,
            79.60362243652344
        ],
        [
            179.38784790039063,
            105.32527160644531,
            73.19844055175781,
            0.0,
            80.12601470947266
        ],
        [
            144.722412109375,
            48.747642517089844,
            79.60362243652344,
            80.12601470947266,
            0.0
        ]
    ],
    "stations": [
        1,
        2,
        3,
        4
    ],
    "uncertainty": 1.1,
    "vias": [
        5,
        6,
        7,
        8,
        9,
        10,
        11,
        12,
        13,
        14,
        15,
        16,
        17,
        18,
        19,
        20,
        21,
        22,
        23,
        24,
        25,
        26,
        27,
        28,
        29,
        30,
        31,
        32,
        33,
        34,
        35,
        36,
        37,
        38,
        39,
        40,
        41,
        42,
        43,
        44,
        45,
        46,
        47
    ],
    "waypoint_delay": 3,
    "waypoint_distance_matrix": [
        [
            0.0,
            137.00364685058594,
            -1.0,
            179.38784790039063,
            -1.0,
            166.27838134765625,
            198.5970458984375,
            -1.0,
            -1.0,
            -1.0,
            -1.0,
            -1.0,
            -1.0,
            -1.0,
            -1.0,
            -1.0,
            -1.0,
            -1.0,
            -1.0,
            -1.0,
            -1.0,
            -1.0,
            -1.0,
            -1.0,
            -1.0,
            -1.0,
            -1.0,
            -1.0,
            23.436086654663086,
            30.819902420043945,
            42.725929260253906,
            -1.0,
            -1.0,
            163.6809844970703,
            159.0264129638672,
            157.33294677734375,
            163.687744140625,
            166.1477508544922,
            170.54335021972656,
            -1.0,
            -1.0,
            -1.0,
            180.09027099609375,
            123.8551254272461,
            123.52529907226563,
            151.5206298828125,
            -1.0,
            126.69754028320313
        ],
        [
            137.00364685058594,
            0.0,
            -1.0,
            -1.0,
            -1.0,
            -1.0,
            -1.0,
            -1.0,
            -1.0,
            -1.0,
            -1.0,
            -1.0,
            -1.0,
            -1.0,
            -1.0,
            -1.0,
            -1.0,
            -1.0,
            -1.0,
            -1.0,
            -1.0,
            -1.0,
            -1.0,
            -1.0,
            -1.0,
            -1.0,
            -1.0,
            -1.0,
            -1.0,
            -1.0,
            -1.0,
            -1.0,
            -1.0,
            -1.0,
            -1.0,
            -1.0,
            -1.0,
            -1.0,
            -1.0,
            -1.0,
            -1.0,
            -1.0,
            -1.0,
            -1.0,
            13.583077430725098,
            14.577380180358887,
            -1.0,
            -1.0
        ],
        [
            -1.0,
            -1.0,
            0.0,
            -1.0,
            -1.0,
            57.91804504394531,
            93.06272888183594,
            -1.0,
            -1.0,
            -1.0,
            -1.0,
            -1.0,
            -1.0,
            -1.0,
            -1.0,
            -1.0,
            -1.0,
            -1.0,
            -1.0,
            -1.0,
            -1.0,
            -1.0,
            -1.0,
            -1.0,
            -1.0,
            -1.0,
            -1.0,
            -1.0,
            -1.0,
            -1.0,
            66.43309020996094,
            18.985363006591797,
            -1.0,
            64.06392669677734,
            60.71761703491211,
            61.261505126953125,
            75.28511047363281,
            79.67230224609375,
            -1.0,
            -1.0,
            -1.0,
            -1.0,
            77.96475219726563,
            68.75456237792969,
            74.60897827148438,
            -1.0,
            80.91044616699219,
            61.578758239746094
        ],
        [
            179.38784790039063,
            -1.0,
            -1.0,
            0.0,
            -1.0,
            16.56804084777832,
            21.26296615600586,
            -1.0,
            -1.0,
            -1.0,
            -1.0,
            -1.0,
            -1.0,
            -1.0,
            -1.0,
            -1.0,
            -1.0,
            55.755821228027344,
            49.3288459777832,
            -1.0,
            -1.0,
            -1.0,
            -1.0,
            -1.0,
            -1.0,
            -1.0,
            -1.0,
            -1.0,
            -1.0,
            -1.0,
            136.7628631591797,
            54.21308135986328,
            64.69602966308594,
            26.884532928466797,
            31.055294036865234,
            -1.0,
            -1.0,
            -1.0,
            -1.0,
            -1.0,
            -1.0,
            22.357784271240234,
            19.039440155029297,
            -1.0,
            -1.0,
            -1.0,
            -1.0,
            78.01528930664063
        ],
        [
            -1.0,
            -1.0,
            -1.0,
            -1.0,
            0.0,
            80.62567901611328,
            -1.0,
            -1.0,
            -1.0,
            -1.0,
            -1.0,
            -1.0,
            -1.0,
            -1.0,
            -1.0,
            -1.0,
            92.20184326171875,
            89.87004852294922,
            90.43595123291016,
            93.11653900146484,
            95.91617584228516,
            100.60148620605469,
            -1.0,
            -1.0,
            -1.0,
            -1.0,
            -1.0,
            -1.0,
            -1.0,
            -1.0,
            -1.0,
            76.16212463378906,
            -1.0,
            -1.0,
            49.07072067260742,
            44.59838104248047,
            -1.0,
            -1.0,
            -1.0,
            -1.0,
            -1.0,
            -1.0,
            -1.0,
            -1.0,
            -1.0,
            -1.0,
            -1.0,
            18.024866104125977
        ],
        [
            166.27838134765625,
            -1.0,
            57.91804504394531,
            16.56804084777832,
            80.62567901611328,
            0.0,
            37.709991455078125,
            -1.0,
            -1.0,
            28.0,
            -1.0,
            -1.0,
            -1.0,
            -1.0,
            -1.0,
            -1.0,
            -1.0,
            -1.0,
            -1.0,
            -1.0,
            -1.0,
            -1.0,
            -1.0,
            -1.0,
            -1.0,
            -1.0,
            -1.0,
            -1.0,
            -1.0,
            -1.0,
            -1.0,
            -1.0,
            48.290863037109375,
            30.765411376953125,
            32.891326904296875,
            37.233333587646484,
            -1.0,
            -1.0,
            -1.0,
            -1.0,
            -1.0,
            -1.0,
            -1.0,
            -1.0,
            -1.0,
            -1.0,
            -1.0,
            -1.0
        ],
        [
            198.5970458984375,
            -1.0,
            93.06272888183594,
            21.26296615600586,
            -1.0,
            37.709991455078125,
            0.0,
            19.393095016479492,
            -1.0,
            -1.0,
            -1.0,
            -1.0,
            -1.0,
            -1.0,
            -1.0,
            -1.0,
            -1.0,
            -1.0,
            -1.0,
            -1.0,
            -1.0,
            -1.0,
            -1.0,
            -1.0,
            -1.0,
            -1.0,
            -1.0,
            -1.0,
            -1.0,
            -1.0,
            156.1898956298828,
            75.17868041992188,
            85.94609832763672,
            37.7157096862793,
            42.72122573852539,
            -1.0,
            -1.0,
            -1.0,
            -1.0,
            -1.0,
            -1.0,
            -1.0,
            -1.0,
            -1.0,
            -1.0,
            -1.0,
            -1.0,
            -1.0
        ],
        [
            -1.0,
            -1.0,
            -1.0,
            -1.0,
            -1.0,
            -1.0,
            19.393095016479492,
            0.0,
            8.649856567382813,
            -1.0,
            -1.0,
            -1.0,
            -1.0,
            -1.0,
            -1.0,
            -1.0,
            -1.0,
            -1.0,
            -1.0,
            -1.0,
            -1.0,
            -1.0,
            -1.0,
            -1.0,
            -1.0,
            -1.0,
            -1.0,
            -1.0,
            -1.0,
            -1.0,
            -1.0,
            -1.0,
            -1.0,
            -1.0,
            -1.0,
            -1.0,
            -1.0,
            -1.0,
            -1.0,
            -1.0,
            53.53901672363281,
            -1.0,
            -1.0,
            -1.0,
            -1.0,
            -1.0,
            -1.0,
            -1.0
        ],
        [
            -1.0,
            -1.0,
            -1.0,
            -1.0,
            -1.0,
            -1.0,
            -1.0,
            8.649856567382813,
            0.0,
            39.0,
            -1.0,
            -1.0,
            -1.0,
            -1.0,
            -1.0,
            -1.0,
            -1.0,
            -1.0,
            -1.0,
            -1.0,
            -1.0,
            -1.0,
            -1.0,
            -1.0,
            -1.0,
            -1.0,
            -1.0,
            -1.0,
            -1.0,
            -1.0,
            -1.0,
            -1.0,
            -1.0,
            -1.0,
            -1.0,
            -1.0,
            -1.0,
            -1.0,
            -1.0,
            -1.0,
            62.141944885253906,
            -1.0,
            -1.0,
            -1.0,
            -1.0,
            -1.0,
            -1.0,
            -1.0
        ],
        [
            -1.0,
            -1.0,
            -1.0,
            -1.0,
            -1.0,
            28.0,
            -1.0,
            -1.0,
            39.0,
            0.0,
            -1.0,
            -1.0,
            -1.0,
            -1.0,
            -1.0,
            -1.0,
            -1.0,
            -1.0,
            41.83015441894531,
            34.941593170166016,
            31.37570571899414,
            28.90678596496582,
            29.280208587646484,
            31.067840576171875,
            34.495723724365234,
            41.61039352416992,
            -1.0,
            -1.0,
            -1.0,
            -1.0,
            -1.0,
            56.600440979003906,
            -1.0,
            -1.0,
            -1.0,
            -1.0,
            -1.0,
            -1.0,
            -1.0,
            -1.0,
            -1.0,
            -1.0,
            -1.0,
            112.99822235107422,
            -1.0,
            -1.0,
            -1.0,
            102.74038696289063
        ],
        [
            -1.0,
            -1.0,
            -1.0,
            -1.0,
            -1.0,
            -1.0,
            -1.0,
            -1.0,
            -1.0,
            -1.0,
            0.0,
            2.874692916870117,
            -1.0,
            -1.0,
            -1.0,
            -1.0,
            -1.0,
            -1.0,
            -1.0,
            -1.0,
            -1.0,
            -1.0,
            -1.0,
            -1.0,
            -1.0,
            6.264716148376465,
            -1.0,
            -1.0,
            -1.0,
            -1.0,
            -1.0,
            -1.0,
            -1.0,
            -1.0,
            -1.0,
            -1.0,
            -1.0,
            -1.0,
            -1.0,
            -1.0,
            -1.0,
            -1.0,
            -1.0,
            -1.0,
            -1.0,
            -1.0,
            -1.0,
            -1.0
        ],
        [
            -1.0,
            -1.0,
            -1.0,
            -1.0,
            -1.0,
            -1.0,
            -1.0,
            -1.0,
            -1.0,
            -1.0,
            2.874692916870117,
            0.0,
            6.264682292938232,
            -1.0,
            -1.0,
            -1.0,
            -1.0,
            -1.0,
            -1.0,
            -1.0,
            -1.0,
            -1.0,
            -1.0,
            -1.0,
            -1.0,
            -1.0,
            -1.0,
            106.89701843261719,
            -1.0,
            -1.0,
            -1.0,
            -1.0,
            -1.0,
            -1.0,
            -1.0,
            -1.0,
            -1.0,
            -1.0,
            -1.0,
            -1.0,
            -1.0,
            -1.0,
            -1.0,
            -1.0,
            -1.0,
            -1.0,
            -1.0,
            -1.0
        ],
        [
            -1.0,
            -1.0,
            -1.0,
            -1.0,
            -1.0,
            -1.0,
            -1.0,
            -1.0,
            -1.0,
            -1.0,
            -1.0,
            6.264682292938232,
            0.0,
            9.124626159667969,
            -1.0,
            -1.0,
            -1.0,
            -1.0,
            -1.0,
            -1.0,
            -1.0,
            -1.0,
            -1.0,
            -1.0,
            -1.0,
            -1.0,
            25.9896240234375,
            100.77738952636719,
            -1.0,
            -1.0,
            -1.0,
            -1.0,
            -1.0,
            -1.0,
            -1.0,
            -1.0,
            -1.0,
            -1.0,
            -1.0,
            -1.0,
            -1.0,
            -1.0,
            -1.0,
            -1.0,
            -1.0,
            -1.0,
            -1.0,
            -1.0
        ],
        [
            -1.0,
            -1.0,
            -1.0,
            -1.0,
            -1.0,
            -1.0,
            -1.0,
            -1.0,
            -1.0,
            -1.0,
            -1.0,
            -1.0,
            9.124626159667969,
            0.0,
            4.028631210327148,
            -1.0,
            -1.0,
            -1.0,
            -1.0,
            -1.0,
            -1.0,
            -1.0,
            -1.0,
            -1.0,
            -1.0,
            -1.0,
            17.06629180908203,
            93.89378356933594,
            -1.0,
            -1.0,
            -1.0,
            -1.0,
            10.623638153076172,
            -1.0,
            -1.0,
            -1.0,
            -1.0,
            -1.0,
            -1.0,
            -1.0,
            -1.0,
            -1.0,
            -1.0,
            -1.0,
            -1.0,
            -1.0,
            -1.0,
            -1.0
        ],
        [
            -1.0,
            -1.0,
            -1.0,
            -1.0,
            -1.0,
            -1.0,
            -1.0,
            -1.0,
            -1.0,
            -1.0,
            -1.0,
            -1.0,
            -1.0,
            4.028631210327148,
            0.0,
            2.5900094509124756,
            -1.0,
            -1.0,
            -1.0,
            -1.0,
            -1.0,
            -1.0,
            -1.0,
            -1.0,
            -1.0,
            -1.0,
            14.299702644348145,
            92.5523681640625,
            -1.0,
            -1.0,
            -1.0,
            23.609861373901367,
            6.623852729797363,
            -1.0,
            -1.0,
            -1.0,
            -1.0,
            -1.0,
            -1.0,
            -1.0,
            -1.0,
            -1.0,
            -1.0,
            -1.0,
            -1.0,
            -1.0,
            100.12466430664063,
            -1.0
        ],
        [
            -1.0,
            -1.0,
            -1.0,
            -1.0,
            -1.0,
            -1.0,
            -1.0,
            -1.0,
            -1.0,
            -1.0,
            -1.0,
            -1.0,
            -1.0,
            -1.0,
            2.5900094509124756,
            0.0,
            5.413663387298584,
            -1.0,
            -1.0,
            -1.0,
            -1.0,
            -1.0,
            -1.0,
            -1.0,
            -1.0,
            -1.0,
            13.663159370422363,
            92.59571838378906,
            -1.0,
            -1.0,
            -1.0,
            21.04374885559082,
            4.477470397949219,
            -1.0,
            -1.0,
            -1.0,
            85.1596450805664,
            90.00415802001953,
            -1.0,
            -1.0,
            -1.0,
            -1.0,
            -1.0,
            -1.0,
            -1.0,
            -1.0,
            97.5452651977539,
            -1.0
        ],
        [
            -1.0,
            -1.0,
            -1.0,
            -1.0,
            92.20184326171875,
            -1.0,
            -1.0,
            -1.0,
            -1.0,
            -1.0,
            -1.0,
            -1.0,
            -1.0,
            -1.0,
            -1.0,
            5.413663387298584,
            0.0,
            4.608909606933594,
            -1.0,
            -1.0,
            -1.0,
            -1.0,
            -1.0,
            -1.0,
            -1.0,
            -1.0,
            -1.0,
            -1.0,
            -1.0,
            -1.0,
            -1.0,
            16.04532814025879,
            4.547679424285889,
            62.14897537231445,
            60.603118896484375,
            62.922542572021484,
            79.75247192382813,
            84.599365234375,
            -1.0,
            -1.0,
            -1.0,
            77.12742614746094,
            71.67125701904297,
            -1.0,
            -1.0,
            -1.0,
            92.36919403076172,
            -1.0
        ],
        [
            -1.0,
            -1.0,
            -1.0,
            55.755821228027344,
            89.87004852294922,
            39.30449676513672,
            76.98955535888672,
            -1.0,
            -1.0,
            -1.0,
            -1.0,
            -1.0,
            -1.0,
            -1.0,
            -1.0,
            -1.0,
            4.608909606933594,
            0.0,
            7.631397724151611,
            -1.0,
            -1.0,
            -1.0,
            -1.0,
            -1.0,
            -1.0,
            -1.0,
            -1.0,
            -1.0,
            -1.0,
            -1.0,
            -1.0,
            14.28856372833252,
            9.032869338989258,
            57.998199462890625,
            56.62775802612305,
            59.10340118408203,
            76.10140991210938,
            80.96977996826172,
            -1.0,
            -1.0,
            -1.0,
            72.62507629394531,
            67.18653869628906,
            85.92255401611328,
            92.51347351074219,
            -1.0,
            89.55413818359375,
            76.8755111694336
        ],
        [
            -1.0,
            -1.0,
            -1.0,
            49.3288459777832,
            90.43595123291016,
            32.766380310058594,
            -1.0,
            -1.0,
            -1.0,
            41.83015441894531,
            -1.0,
            -1.0,
            -1.0,
            -1.0,
            -1.0,
            -1.0,
            -1.0,
            7.631397724151611,
            0.0,
            6.94104528427124,
            -1.0,
            -1.0,
            -1.0,
            -1.0,
            -1.0,
            -1.0,
            -1.0,
            -1.0,
            -1.0,
            -1.0,
            -1.0,
            18.047998428344727,
            -1.0,
            54.304744720458984,
            53.53627395629883,
            56.46171188354492,
            73.79153442382813,
            78.6876449584961,
            -1.0,
            -1.0,
            -1.0,
            67.31372833251953,
            61.999114990234375,
            88.0643539428711,
            94.7911148071289,
            -1.0,
            89.14372253417969,
            78.6185073852539
        ],
        [
            -1.0,
            -1.0,
            -1.0,
            -1.0,
            93.11653900146484,
            28.629365921020508,
            -1.0,
            -1.0,
            -1.0,
            34.941593170166016,
            -1.0,
            -1.0,
            -1.0,
            -1.0,
            -1.0,
            -1.0,
            -1.0,
            -1.0,
            6.94104528427124,
            0.0,
            4.028610706329346,
            -1.0,
            -1.0,
            -1.0,
            -1.0,
            -1.0,
            -1.0,
            -1.0,
            -1.0,
            -1.0,
            -1.0,
            24.05411720275879,
            -1.0,
            53.36317825317383,
            53.23847961425781,
            56.57060623168945,
            74.02320861816406,
            -1.0,
            -1.0,
            -1.0,
            -1.0,
            64.37212371826172,
            59.25678253173828,
            92.0030746459961,
            98.80309295654297,
            -1.0,
            91.00315856933594,
            82.30506896972656
        ],
        [
            -1.0,
            -1.0,
            -1.0,
            -1.0,
            95.91617584228516,
            28.016874313354492,
            -1.0,
            -1.0,
            -1.0,
            31.37570571899414,
            -1.0,
            -1.0,
            -1.0,
            -1.0,
            -1.0,
            -1.0,
            -1.0,
            -1.0,
            -1.0,
            4.028610706329346,
            0.0,
            4.9289398193359375,
            -1.0,
            -1.0,
            -1.0,
            -1.0,
            -1.0,
            -1.0,
            -1.0,
            -1.0,
            -1.0,
            28.05548858642578,
            -1.0,
            54.499359130859375,
            54.72840881347656,
            58.25355911254883,
            -1.0,
            -1.0,
            -1.0,
            -1.0,
            -1.0,
            64.2259750366211,
            59.26806640625,
            95.32361602783203,
            102.14501190185547,
            -1.0,
            93.4329833984375,
            85.5399398803711
        ],
        [
            -1.0,
            -1.0,
            -1.0,
            -1.0,
            100.60148620605469,
            30.201541900634766,
            -1.0,
            -1.0,
            -1.0,
            28.90678596496582,
            -1.0,
            -1.0,
            -1.0,
            -1.0,
            -1.0,
            -1.0,
            -1.0,
            -1.0,
            -1.0,
            -1.0,
            4.9289398193359375,
            0.0,
            7.175454139709473,
            -1.0,
            -1.0,
            -1.0,
            -1.0,
            -1.0,
            -1.0,
            -1.0,
            -1.0,
            -1.0,
            -1.0,
            58.08867645263672,
            58.602481842041016,
            62.26413345336914,
            -1.0,
            -1.0,
            -1.0,
            -1.0,
            -1.0,
            -1.0,
            61.78457260131836,
            100.21526336669922,
            107.04138946533203,
            -1.0,
            97.91012573242188,
            90.40880584716797
        ],
        [
            -1.0,
            -1.0,
            -1.0,
            -1.0,
            -1.0,
            36.1517219543457,
            -1.0,
            -1.0,
            -1.0,
            29.280208587646484,
            -1.0,
            -1.0,
            -1.0,
            -1.0,
            -1.0,
            -1.0,
            -1.0,
            -1.0,
            -1.0,
            -1.0,
            -1.0,
            7.175454139709473,
            0.0,
            3.0680935382843018,
            -1.0,
            -1.0,
            -1.0,
            -1.0,
            -1.0,
            -1.0,
            -1.0,
            -1.0,
            -1.0,
            64.88664245605469,
            65.56346130371094,
            69.289306640625,
            -1.0,
            -1.0,
            -1.0,
            -1.0,
            -1.0,
            -1.0,
            -1.0,
            -1.0,
            -1.0,
            -1.0,
            105.08014678955078,
            -1.0
        ],
        [
            -1.0,
            -1.0,
            -1.0,
            -1.0,
            -1.0,
            39.195884704589844,
            -1.0,
            -1.0,
            -1.0,
            31.067840576171875,
            -1.0,
            -1.0,
            -1.0,
            -1.0,
            -1.0,
            -1.0,
            -1.0,
            -1.0,
            -1.0,
            -1.0,
            -1.0,
            -1.0,
            3.0680935382843018,
            0.0,
            4.028648376464844,
            -1.0,
            -1.0,
            -1.0,
            -1.0,
            -1.0,
            -1.0,
            -1.0,
            -1.0,
            -1.0,
            -1.0,
            -1.0,
            -1.0,
            -1.0,
            -1.0,
            -1.0,
            -1.0,
            -1.0,
            -1.0,
            -1.0,
            -1.0,
            -1.0,
            -1.0,
            -1.0
        ],
        [
            -1.0,
            -1.0,
            -1.0,
            -1.0,
            -1.0,
            -1.0,
            -1.0,
            -1.0,
            -1.0,
            34.495723724365234,
            -1.0,
            -1.0,
            -1.0,
            -1.0,
            -1.0,
            -1.0,
            -1.0,
            -1.0,
            -1.0,
            -1.0,
            -1.0,
            -1.0,
            -1.0,
            4.028648376464844,
            0.0,
            7.124603271484375,
            -1.0,
            -1.0,
            -1.0,
            -1.0,
            -1.0,
            -1.0,
            -1.0,
            -1.0,
            -1.0,
            -1.0,
            -1.0,
            -1.0,
            -1.0,
            -1.0,
            -1.0,
            -1.0,
            -1.0,
            -1.0,
            -1.0,
            -1.0,
            -1.0,
            -1.0
        ],
        [
            -1.0,
            -1.0,
            -1.0,
            -1.0,
            -1.0,
            -1.0,
            -1.0,
            -1.0,
            -1.0,
            41.61039352416992,
            6.264716148376465,
            -1.0,
            -1.0,
            -1.0,
            -1.0,
            -1.0,
            -1.0,
            -1.0,
            -1.0,
            -1.0,
            -1.0,
            -1.0,
            -1.0,
            -1.0,
            7.124603271484375,
            0.0,
            -1.0,
            -1.0,
            -1.0,
            -1.0,
            -1.0,
            -1.0,
            -1.0,
            -1.0,
            -1.0,
            -1.0,
            -1.0,
            -1.0,
            -1.0,
            -1.0,
            -1.0,
            -1.0,
            -1.0,
            -1.0,
            -1.0,
            -1.0,
            -1.0,
            -1.0
        ],
        [
            -1.0,
            -1.0,
            -1.0,
            -1.0,
            -1.0,
            -1.0,
            -1.0,
            -1.0,
            -1.0,
            -1.0,
            -1.0,
            -1.0,
            25.9896240234375,
            17.06629180908203,
            14.299702644348145,
            13.663159370422363,
            -1.0,
            -1.0,
            -1.0,
            -1.0,
            -1.0,
            -1.0,
            -1.0,
            -1.0,
            -1.0,
            -1.0,
            0.0,
            79.21472930908203,
            -1.0,
            -1.0,
            -1.0,
            -1.0,
            10.537986755371094,
            -1.0,
            -1.0,
            -1.0,
            -1.0,
            -1.0,
            -1.0,
            -1.0,
            -1.0,
            -1.0,
            -1.0,
            -1.0,
            -1.0,
            -1.0,
            -1.0,
            -1.0
        ],
        [
            -1.0,
            -1.0,
            -1.0,
            -1.0,
            -1.0,
            -1.0,
            -1.0,
            -1.0,
            -1.0,
            -1.0,
            -1.0,
            106.89701843261719,
            100.77738952636719,
            93.89378356933594,
            92.5523681640625,
            92.59571838378906,
            -1.0,
            -1.0,
            -1.0,
            -1.0,
            -1.0,
            -1.0,
            -1.0,
            -1.0,
            -1.0,
            -1.0,
            79.21472930908203,
            0.0,
            14.462644577026367,
            -1.0,
            -1.0,
            -1.0,
            -1.0,
            -1.0,
            -1.0,
            -1.0,
            -1.0,
            -1.0,
            -1.0,
            -1.0,
            -1.0,
            -1.0,
            -1.0,
            -1.0,
            -1.0,
            -1.0,
            -1.0,
            -1.0
        ],
        [
            23.436086654663086,
            -1.0,
            -1.0,
            -1.0,
            -1.0,
            -1.0,
            -1.0,
            -1.0,
            -1.0,
            -1.0,
            -1.0,
            -1.0,
            -1.0,
            -1.0,
            -1.0,
            -1.0,
            -1.0,
            -1.0,
            -1.0,
            -1.0,
            -1.0,
            -1.0,
            -1.0,
            -1.0,
            -1.0,
            -1.0,
            -1.0,
            14.462644577026367,
            0.0,
            10.866630554199219,
            -1.0,
            -1.0,
            -1.0,
            -1.0,
            -1.0,
            -1.0,
            -1.0,
            -1.0,
            -1.0,
            -1.0,
            -1.0,
            -1.0,
            -1.0,
            110.96312713623047,
            111.80003356933594,
            -1.0,
            -1.0,
            -1.0
        ],
        [
            30.819902420043945,
            -1.0,
            -1.0,
            -1.0,
            -1.0,
            -1.0,
            -1.0,
            -1.0,
            -1.0,
            -1.0,
            -1.0,
            -1.0,
            -1.0,
            -1.0,
            -1.0,
            -1.0,
            -1.0,
            -1.0,
            -1.0,
            -1.0,
            -1.0,
            -1.0,
            -1.0,
            -1.0,
            -1.0,
            -1.0,
            -1.0,
            -1.0,
            10.866630554199219,
            0.0,
            12.312777519226074,
            -1.0,
            -1.0,
            134.26956176757813,
            129.74453735351563,
            128.34771728515625,
            136.02474975585938,
            138.866455078125,
            143.34463500976563,
            -1.0,
            -1.0,
            -1.0,
            -1.0,
            100.14676666259766,
            101.07327270507813,
            -1.0,
            -1.0,
            101.3212890625
        ],
        [
            42.725929260253906,
            -1.0,
            66.43309020996094,
            136.7628631591797,
            -1.0,
            123.55250549316406,
            156.1898956298828,
            -1.0,
            -1.0,
            -1.0,
            -1.0,
            -1.0,
            -1.0,
            -1.0,
            -1.0,
            -1.0,
            -1.0,
            -1.0,
            -1.0,
            -1.0,
            -1.0,
            -1.0,
            -1.0,
            -1.0,
            -1.0,
            -1.0,
            -1.0,
            -1.0,
            -1.0,
            12.312777519226074,
            0.0,
            85.33302307128906,
            -1.0,
            121.96353149414063,
            117.44735717773438,
            116.0795669555664,
            123.9806900024414,
            126.90497589111328,
            131.3968048095703,
            -1.0,
            -1.0,
            -1.0,
            138.13150024414063,
            89.41790008544922,
            90.8011245727539,
            -1.0,
            116.29117584228516,
            90.00540161132813
        ],
        [
            -1.0,
            -1.0,
            18.985363006591797,
            54.21308135986328,
            76.16212463378906,
            39.134361267089844,
            75.17868041992188,
            -1.0,
            -1.0,
            56.600440979003906,
            -1.0,
            -1.0,
            -1.0,
            -1.0,
            23.609861373901367,
            21.04374885559082,
            16.04532814025879,
            14.28856372833252,
            18.047998428344727,
            24.05411720275879,
            28.05548858642578,
            -1.0,
            -1.0,
            -1.0,
            -1.0,
            -1.0,
            -1.0,
            -1.0,
            -1.0,
            -1.0,
            85.33302307128906,
            0.0,
            17.520885467529297,
            49.845394134521484,
            47.475059509277344,
            49.15126419067383,
            65.30472564697266,
            70.06668853759766,
            -1.0,
            -1.0,
            -1.0,
            67.39800262451172,
            61.81399154663086,
            71.65762329101563,
            78.23287200927734,
            -1.0,
            76.53822326660156,
            62.697349548339844
        ],
        [
            -1.0,
            -1.0,
            -1.0,
            64.69602966308594,
            -1.0,
            48.290863037109375,
            85.94609832763672,
            -1.0,
            -1.0,
            -1.0,
            -1.0,
            -1.0,
            -1.0,
            10.623638153076172,
            6.623852729797363,
            4.477470397949219,
            4.547679424285889,
            9.032869338989258,
            -1.0,
            -1.0,
            -1.0,
            -1.0,
            -1.0,
            -1.0,
            -1.0,
            -1.0,
            10.537986755371094,
            -1.0,
            -1.0,
            -1.0,
            -1.0,
            17.520885467529297,
            0.0,
            65.51307678222656,
            63.72818374633789,
            65.8375244140625,
            82.41687774658203,
            87.22820281982422,
            -1.0,
            -1.0,
            -1.0,
            81.06591796875,
            75.57594299316406,
            -1.0,
            -1.0,
            -1.0,
            -1.0,
            -1.0
        ],
        [
            163.6809844970703,
            -1.0,
            64.06392669677734,
            26.884532928466797,
            -1.0,
            30.765411376953125,
            37.7157096862793,
            -1.0,
            -1.0,
            -1.0,
            -1.0,
            -1.0,
            -1.0,
            -1.0,
            -1.0,
            -1.0,
            62.14897537231445,
            57.998199462890625,
            54.304744720458984,
            53.36317825317383,
            54.499359130859375,
            58.08867645263672,
            64.88664245605469,
            -1.0,
            -1.0,
            -1.0,
            -1.0,
            -1.0,
            -1.0,
            134.26956176757813,
            121.96353149414063,
            49.845394134521484,
            65.51307678222656,
            0.0,
            5.012176036834717,
            -1.0,
            -1.0,
            -1.0,
            -1.0,
            -1.0,
            -1.0,
            -1.0,
            16.819839477539063,
            -1.0,
            -1.0,
            -1.0,
            -1.0,
            -1.0
        ],
        [
            159.0264129638672,
            -1.0,
            60.71761703491211,
            31.055294036865234,
            49.07072067260742,
            32.891326904296875,
            42.72122573852539,
            -1.0,
            -1.0,
            -1.0,
            -1.0,
            -1.0,
            -1.0,
            -1.0,
            -1.0,
            -1.0,
            60.603118896484375,
            56.62775802612305,
            53.53627395629883,
            53.23847961425781,
            54.72840881347656,
            58.602481842041016,
            65.56346130371094,
            -1.0,
            -1.0,
            -1.0,
            -1.0,
            -1.0,
            -1.0,
            129.74453735351563,
            117.44735717773438,
            47.475059509277344,
            63.72818374633789,
            5.012176036834717,
            0.0,
            4.4931793212890625,
            -1.0,
            -1.0,
            -1.0,
            -1.0,
            -1.0,
            -1.0,
            -1.0,
            -1.0,
            -1.0,
            -1.0,
            -1.0,
            47.42266082763672
        ],
        [
            157.33294677734375,
            -1.0,
            61.261505126953125,
            -1.0,
            44.59838104248047,
            37.233333587646484,
            -1.0,
            -1.0,
            -1.0,
            -1.0,
            -1.0,
            -1.0,
            -1.0,
            -1.0,
            -1.0,
            -1.0,
            62.922542572021484,
            59.10340118408203,
            56.46171188354492,
            56.57060623168945,
            58.25355911254883,
            62.26413345336914,
            69.289306640625,
            -1.0,
            -1.0,
            -1.0,
            -1.0,
            -1.0,
            -1.0,
            128.34771728515625,
            116.0795669555664,
            49.15126419067383,
            65.8375244140625,
            -1.0,
            4.4931793212890625,
            0.0,
            17.453832626342773,
            -1.0,
            -1.0,
            -1.0,
            -1.0,
            -1.0,
            -1.0,
            -1.0,
            -1.0,
            -1.0,
            38.19941711425781,
            43.45572280883789
        ],
        [
            163.687744140625,
            -1.0,
            75.28511047363281,
            -1.0,
            -1.0,
            -1.0,
            -1.0,
            -1.0,
            -1.0,
            -1.0,
            -1.0,
            -1.0,
            -1.0,
            -1.0,
            -1.0,
            85.1596450805664,
            79.75247192382813,
            76.10140991210938,
            73.79153442382813,
            74.02320861816406,
            -1.0,
            -1.0,
            -1.0,
            -1.0,
            -1.0,
            -1.0,
            -1.0,
            -1.0,
            -1.0,
            136.02474975585938,
            123.9806900024414,
            65.30472564697266,
            82.41687774658203,
            -1.0,
            -1.0,
            17.453832626342773,
            0.0,
            4.896533489227295,
            -1.0,
            -1.0,
            -1.0,
            -1.0,
            -1.0,
            -1.0,
            -1.0,
            41.91947555541992,
            25.229385375976563,
            40.66609573364258
        ],
        [
            166.1477508544922,
            -1.0,
            79.67230224609375,
            -1.0,
            -1.0,
            -1.0,
            -1.0,
            -1.0,
            -1.0,
            -1.0,
            -1.0,
            -1.0,
            -1.0,
            -1.0,
            -1.0,
            90.00415802001953,
            84.599365234375,
            80.96977996826172,
            78.6876449584961,
