{
    "end_stations": [
        0
    ],
    "station_delay": 6,
    "station_distance_matrix": [
        [
            0.0,
            137.003646850586,
            109.159019470215,
            179.387847900391,
            144.722412109375
        ],
        [
            137.003646850586,
            0.0,
            88.1920547485352,
            105.325271606445,
            48.7476425170898
        ],
        [
            109.159019470215,
            88.1920547485352,
            0.0,
            73.1984405517578,
            79.6036224365234
        ],
        [
            179.387847900391,
            105.325271606445,
            73.1984405517578,
            0.0,
            80.1260147094727
        ],
        [
            144.722412109375,
            48.7476425170898,
            79.6036224365234,
            80.1260147094727,
            0.0
        ]
    ],
    "stations": [
        1,
        2,
        3,
        4
    ],
    "uncertainty": 1.1,
    "vias": [
        5,
        6,
        7,
        8,
        9,
        10,
        11,
        12,
        13,
        14,
        15,
        16,
        17,
        18,
        19,
        20,
        21,
        22,
        23,
        24,
        25,
        26,
        27,
        28,
        29,
        30,
        31,
        32,
        33,
        34,
        35,
        36,
        37,
        38,
        39,
        40,
        41,
        42,
        43,
        44,
        45,
        46,
        47
    ],
    "waypoint_delay": 3,
    "waypoint_distance_matrix": [
        [
            0.0,
            137.003646850586,
            -1.0,
            179.387847900391,
            -1.0,
            166.278381347656,
            198.597045898438,
            -1.0,
            -1.0,
            -1.0,
            -1.0,
            -1.0,
            -1.0,
            -1.0,
            -1.0,
            -1.0,
            -1.0,
            -1.0,
            -1.0,
            -1.0,
            -1.0,
            -1.0,
            -1.0,
            -1.0,
            -1.0,
            -1.0,
            -1.0,
            -1.0,
            23.4360866546631,
            30.8199024200439,
            42.7259292602539,
            -1.0,
            -1.0,
            163.68098449707,
            159.026412963867,
            157.332946777344,
            163.687744140625,
            166.147750854492,
            170.543350219727,
            -1.0,
            -1.0,
            -1.0,
            180.090270996094,
            123.855125427246,
            123.525299072266,
            151.520629882812,
            -1.0,
            126.697540283203
        ],
        [
            137.003646850586,
            0.0,
            -1.0,
            -1.0,
            -1.0,
            -1.0,
            -1.0,
            -1.0,
            -1.0,
            -1.0,
            -1.0,
            -1.0,
            -1.0,
            -1.0,
            -1.0,
            -1.0,
            -1.0,
            -1.0,
            -1.0,
            -1.0,
            -1.0,
            -1.0,
            -1.0,
            -1.0,
            -1.0,
            -1.0,
            -1.0,
            -1.0,
            -1.0,
            -1.0,
            -1.0,
            -1.0,
            -1.0,
            -1.0,
            -1.0,
            -1.0,
            -1.0,
            -1.0,
            -1.0,
            -1.0,
            -1.0,
            -1.0,
            -1.0,
            -1.0,
            13.5830774307251,
            14.5773801803589,
            -1.0,
            -1.0
        ],
        [
            -1.0,
            -1.0,
            0.0,
            -1.0,
            -1.0,
            57.9180450439453,
            93.0627288818359,
            -1.0,
            -1.0,
            -1.0,
            -1.0,
            -1.0,
            -1.0,
            -1.0,
            -1.0,
            -1.0,
            -1.0,
            -1.0,
            -1.0,
            -1.0,
            -1.0,
            -1.0,
            -1.0,
            -1.0,
            -1.0,
            -1.0,
            -1.0,
            -1.0,
            -1.0,
            -1.0,
            66.4330902099609,
            18.9853630065918,
            -1.0,
            64.0639266967773,
            60.7176170349121,
            61.2615051269531,
            75.2851104736328,
            79.6723022460938,
            -1.0,
            -1.0,
            -1.0,
            -1.0,
            77.9647521972656,
            68.7545623779297,
            74.6089782714844,
            -1.0,
            80.9104461669922,
            61.5787582397461
        ],
        [
            179.387847900391,
            -1.0,
            -1.0,
            0.0,
            -1.0,
            16.5680408477783,
            21.2629661560059,
            -1.0,
            -1.0,
            -1.0,
            -1.0,
            -1.0,
            -1.0,
            -1.0,
            -1.0,
            -1.0,
            -1.0,
            55.7558212280273,
            49.3288459777832,
            -1.0,
            -1.0,
            -1.0,
            -1.0,
            -1.0,
            -1.0,
            -1.0,
            -1.0,
            -1.0,
            -1.0,
            -1.0,
            136.76286315918,
            54.2130813598633,
            64.6960296630859,
            26.8845329284668,
            31.0552940368652,
            -1.0,
            -1.0,
            -1.0,
            -1.0,
            -1.0,
            -1.0,
            22.3577842712402,
            19.0394401550293,
            -1.0,
            -1.0,
            -1.0,
            -1.0,
            78.0152893066406
        ],
        [
            -1.0,
            -1.0,
            -1.0,
            -1.0,
            0.0,
            80.6256790161133,
            -1.0,
            -1.0,
            -1.0,
            -1.0,
            -1.0,
            -1.0,
            -1.0,
            -1.0,
            -1.0,
            -1.0,
            92.2018432617188,
            89.8700485229492,
            90.4359512329102,
            93.1165390014648,
            95.9161758422852,
            100.601486206055,
            -1.0,
            -1.0,
            -1.0,
            -1.0,
            -1.0,
            -1.0,
            -1.0,
            -1.0,
            -1.0,
            76.1621246337891,
            -1.0,
            -1.0,
            49.0707206726074,
            44.5983810424805,
            -1.0,
            -1.0,
            -1.0,
            -1.0,
            -1.0,
            -1.0,
            -1.0,
            -1.0,
            -1.0,
            -1.0,
            -1.0,
            18.024866104126
        ],
        [
            166.278381347656,
            -1.0,
            57.9180450439453,
            16.5680408477783,
            80.6256790161133,
            0.0,
            37.7099914550781,
            -1.0,
            -1.0,
            28.0,
            -1.0,
            -1.0,
            -1.0,
            -1.0,
            -1.0,
            -1.0,
            -1.0,
            -1.0,
            -1.0,
            -1.0,
            -1.0,
            -1.0,
            -1.0,
            -1.0,
            -1.0,
            -1.0,
            -1.0,
            -1.0,
            -1.0,
            -1.0,
            -1.0,
            -1.0,
            48.2908630371094,
            30.7654113769531,
            32.8913269042969,
            37.2333335876465,
            -1.0,
            -1.0,
            -1.0,
            -1.0,
            -1.0,
            -1.0,
            -1.0,
            -1.0,
            -1.0,
            -1.0,
            -1.0,
            -1.0
        ],
        [
            198.597045898438,
            -1.0,
            93.0627288818359,
            21.2629661560059,
            -1.0,
            37.7099914550781,
            0.0,
            19.3930950164795,
            -1.0,
            -1.0,
            -1.0,
            -1.0,
            -1.0,
            -1.0,
            -1.0,
            -1.0,
            -1.0,
            -1.0,
            -1.0,
            -1.0,
            -1.0,
            -1.0,
            -1.0,
            -1.0,
            -1.0,
            -1.0,
            -1.0,
            -1.0,
            -1.0,
            -1.0,
            156.189895629883,
            75.1786804199219,
            85.9460983276367,
            37.7157096862793,
            42.7212257385254,
            -1.0,
            -1.0,
            -1.0,
            -1.0,
            -1.0,
            -1.0,
            -1.0,
            -1.0,
            -1.0,
            -1.0,
            -1.0,
            -1.0,
            -1.0
        ],
        [
            -1.0,
            -1.0,
            -1.0,
            -1.0,
            -1.0,
            -1.0,
            19.3930950164795,
            0.0,
            8.64985656738281,
            -1.0,
            -1.0,
            -1.0,
            -1.0,
            -1.0,
            -1.0,
            -1.0,
            -1.0,
            -1.0,
            -1.0,
            -1.0,
            -1.0,
            -1.0,
            -1.0,
            -1.0,
            -1.0,
            -1.0,
            -1.0,
            -1.0,
            -1.0,
            -1.0,
            -1.0,
            -1.0,
            -1.0,
            -1.0,
            -1.0,
            -1.0,
            -1.0,
            -1.0,
            -1.0,
            -1.0,
            53.5390167236328,
            -1.0,
            -1.0,
            -1.0,
            -1.0,
            -1.0,
            -1.0,
            -1.0
        ],
        [
            -1.0,
            -1.0,
            -1.0,
            -1.0,
            -1.0,
            -1.0,
            -1.0,
            8.64985656738281,
            0.0,
            39.0,
            -1.0,
            -1.0,
            -1.0,
            -1.0,
            -1.0,
            -1.0,
            -1.0,
            -1.0,
            -1.0,
            -1.0,
            -1.0,
            -1.0,
            -1.0,
            -1.0,
            -1.0,
            -1.0,
            -1.0,
            -1.0,
            -1.0,
            -1.0,
            -1.0,
            -1.0,
            -1.0,
            -1.0,
            -1.0,
            -1.0,
            -1.0,
            -1.0,
            -1.0,
            -1.0,
            62.1419448852539,
            -1.0,
            -1.0,
            -1.0,
            -1.0,
            -1.0,
            -1.0,
            -1.0
        ],
        [
            -1.0,
            -1.0,
            -1.0,
            -1.0,
            -1.0,
            28.0,
            -1.0,
            -1.0,
            39.0,
            0.0,
            -1.0,
            -1.0,
            -1.0,
            -1.0,
            -1.0,
            -1.0,
            -1.0,
            -1.0,
            41.8301544189453,
            34.941593170166,
            31.3757057189941,
            28.9067859649658,
            29.2802085876465,
            31.0678405761719,
            34.4957237243652,
            41.6103935241699,
            -1.0,
            -1.0,
            -1.0,
            -1.0,
            -1.0,
            56.6004409790039,
            -1.0,
            -1.0,
            -1.0,
            -1.0,
            -1.0,
            -1.0,
            -1.0,
            -1.0,
            -1.0,
            -1.0,
            -1.0,
            112.998222351074,
            -1.0,
            -1.0,
            -1.0,
            102.740386962891
        ],
        [
            -1.0,
            -1.0,
            -1.0,
            -1.0,
            -1.0,
            -1.0,
            -1.0,
            -1.0,
            -1.0,
            -1.0,
            0.0,
            2.87469291687012,
            -1.0,
            -1.0,
            -1.0,
            -1.0,
            -1.0,
            -1.0,
            -1.0,
            -1.0,
            -1.0,
            -1.0,
            -1.0,
            -1.0,
            -1.0,
            6.26471614837646,
            -1.0,
            -1.0,
            -1.0,
            -1.0,
            -1.0,
            -1.0,
            -1.0,
            -1.0,
            -1.0,
            -1.0,
            -1.0,
            -1.0,
            -1.0,
            -1.0,
            -1.0,
            -1.0,
            -1.0,
            -1.0,
            -1.0,
            -1.0,
            -1.0,
            -1.0
        ],
        [
            -1.0,
            -1.0,
            -1.0,
            -1.0,
            -1.0,
            -1.0,
            -1.0,
            -1.0,
            -1.0,
            -1.0,
            2.87469291687012,
            0.0,
            6.26468229293823,
            -1.0,
            -1.0,
            -1.0,
            -1.0,
            -1.0,
            -1.0,
            -1.0,
            -1.0,
            -1.0,
            -1.0,
            -1.0,
            -1.0,
            -1.0,
            -1.0,
            106.897018432617,
            -1.0,
            -1.0,
            -1.0,
            -1.0,
            -1.0,
            -1.0,
            -1.0,
            -1.0,
            -1.0,
            -1.0,
            -1.0,
            -1.0,
            -1.0,
            -1.0,
            -1.0,
            -1.0,
            -1.0,
            -1.0,
            -1.0,
            -1.0
        ],
        [
            -1.0,
            -1.0,
            -1.0,
            -1.0,
            -1.0,
            -1.0,
            -1.0,
            -1.0,
            -1.0,
            -1.0,
            -1.0,
            6.26468229293823,
            0.0,
            9.12462615966797,
            -1.0,
            -1.0,
            -1.0,
            -1.0,
            -1.0,
            -1.0,
            -1.0,
            -1.0,
            -1.0,
            -1.0,
            -1.0,
            -1.0,
            25.9896240234375,
            100.777389526367,
            -1.0,
            -1.0,
            -1.0,
            -1.0,
            -1.0,
            -1.0,
            -1.0,
            -1.0,
            -1.0,
            -1.0,
            -1.0,
            -1.0,
            -1.0,
            -1.0,
            -1.0,
            -1.0,
            -1.0,
            -1.0,
            -1.0,
            -1.0
        ],
        [
            -1.0,
            -1.0,
            -1.0,
            -1.0,
            -1.0,
            -1.0,
            -1.0,
            -1.0,
            -1.0,
            -1.0,
            -1.0,
            -1.0,
            9.12462615966797,
            0.0,
            4.02863121032715,
            -1.0,
            -1.0,
            -1.0,
            -1.0,
            -1.0,
            -1.0,
            -1.0,
            -1.0,
            -1.0,
            -1.0,
            -1.0,
            17.066291809082,
            93.8937835693359,
            -1.0,
            -1.0,
            -1.0,
            -1.0,
            10.6236381530762,
            -1.0,
            -1.0,
            -1.0,
            -1.0,
            -1.0,
            -1.0,
            -1.0,
            -1.0,
            -1.0,
            -1.0,
            -1.0,
            -1.0,
            -1.0,
            -1.0,
            -1.0
        ],
        [
            -1.0,
            -1.0,
            -1.0,
            -1.0,
            -1.0,
            -1.0,
            -1.0,
            -1.0,
            -1.0,
            -1.0,
            -1.0,
            -1.0,
            -1.0,
            4.02863121032715,
            0.0,
            2.59000945091248,
            -1.0,
            -1.0,
            -1.0,
            -1.0,
            -1.0,
            -1.0,
            -1.0,
            -1.0,
            -1.0,
            -1.0,
            14.2997026443481,
            92.5523681640625,
            -1.0,
            -1.0,
            -1.0,
            23.6098613739014,
            6.62385272979736,
            -1.0,
            -1.0,
            -1.0,
            -1.0,
            -1.0,
            -1.0,
            -1.0,
            -1.0,
            -1.0,
            -1.0,
            -1.0,
            -1.0,
            -1.0,
            100.124664306641,
            -1.0
        ],
        [
            -1.0,
            -1.0,
            -1.0,
            -1.0,
            -1.0,
            -1.0,
            -1.0,
            -1.0,
            -1.0,
            -1.0,
            -1.0,
            -1.0,
            -1.0,
            -1.0,
            2.59000945091248,
            0.0,
            5.41366338729858,
            -1.0,
            -1.0,
            -1.0,
            -1.0,
            -1.0,
            -1.0,
            -1.0,
            -1.0,
            -1.0,
            13.6631593704224,
            92.5957183837891,
            -1.0,
            -1.0,
            -1.0,
            21.0437488555908,
            4.47747039794922,
            -1.0,
            -1.0,
            -1.0,
            85.1596450805664,
            90.0041580200195,
            -1.0,
            -1.0,
            -1.0,
            -1.0,
            -1.0,
            -1.0,
            -1.0,
            -1.0,
            97.5452651977539,
            -1.0
        ],
        [
            -1.0,
            -1.0,
            -1.0,
            -1.0,
            92.2018432617188,
            -1.0,
            -1.0,
            -1.0,
            -1.0,
            -1.0,
            -1.0,
            -1.0,
            -1.0,
            -1.0,
            -1.0,
            5.41366338729858,
            0.0,
            4.60890960693359,
            -1.0,
            -1.0,
            -1.0,
            -1.0,
            -1.0,
            -1.0,
            -1.0,
            -1.0,
            -1.0,
            -1.0,
            -1.0,
            -1.0,
            -1.0,
            16.0453281402588,
            4.54767942428589,
            62.1489753723145,
            60.6031188964844,
            62.9225425720215,
            79.7524719238281,
            84.599365234375,
            -1.0,
            -1.0,
            -1.0,
            77.1274261474609,
            71.671257019043,
            -1.0,
            -1.0,
            -1.0,
            92.3691940307617,
            -1.0
        ],
        [
            -1.0,
            -1.0,
            -1.0,
            55.7558212280273,
            89.8700485229492,
            39.3044967651367,
            76.9895553588867,
            -1.0,
            -1.0,
            -1.0,
            -1.0,
            -1.0,
            -1.0,
            -1.0,
            -1.0,
            -1.0,
            4.60890960693359,
            0.0,
            7.63139772415161,
            -1.0,
            -1.0,
            -1.0,
            -1.0,
            -1.0,
            -1.0,
            -1.0,
            -1.0,
            -1.0,
            -1.0,
            -1.0,
            -1.0,
            14.2885637283325,
            9.03286933898926,
            57.9981994628906,
            56.627758026123,
            59.103401184082,
            76.1014099121094,
            80.9697799682617,
            -1.0,
            -1.0,
            -1.0,
            72.6250762939453,
            67.1865386962891,
            85.9225540161133,
            92.5134735107422,
            -1.0,
            89.5541381835938,
            76.8755111694336
        ],
        [
            -1.0,
            -1.0,
            -1.0,
            49.3288459777832,
            90.4359512329102,
            32.7663803100586,
            -1.0,
            -1.0,
            -1.0,
            41.8301544189453,
            -1.0,
            -1.0,
            -1.0,
            -1.0,
            -1.0,
            -1.0,
            -1.0,
            7.63139772415161,
            0.0,
            6.94104528427124,
            -1.0,
            -1.0,
            -1.0,
            -1.0,
            -1.0,
            -1.0,
            -1.0,
            -1.0,
            -1.0,
            -1.0,
            -1.0,
            18.0479984283447,
            -1.0,
            54.304744720459,
            53.5362739562988,
            56.4617118835449,
            73.7915344238281,
            78.6876449584961,
            -1.0,
            -1.0,
            -1.0,
            67.3137283325195,
            61.9991149902344,
            88.0643539428711,
            94.7911148071289,
            -1.0,
            89.1437225341797,
            78.6185073852539
        ],
        [
            -1.0,
            -1.0,
            -1.0,
            -1.0,
            93.1165390014648,
            28.6293659210205,
            -1.0,
            -1.0,
            -1.0,
            34.941593170166,
            -1.0,
            -1.0,
            -1.0,
            -1.0,
            -1.0,
            -1.0,
            -1.0,
            -1.0,
            6.94104528427124,
            0.0,
            4.02861070632935,
            -1.0,
            -1.0,
            -1.0,
            -1.0,
            -1.0,
            -1.0,
            -1.0,
            -1.0,
            -1.0,
            -1.0,
            24.0541172027588,
            -1.0,
            53.3631782531738,
            53.2384796142578,
            56.5706062316895,
            74.0232086181641,
            -1.0,
            -1.0,
            -1.0,
            -1.0,
            64.3721237182617,
            59.2567825317383,
            92.0030746459961,
            98.803092956543,
            -1.0,
            91.0031585693359,
            82.3050689697266
        ],
        [
            -1.0,
            -1.0,
            -1.0,
            -1.0,
            95.9161758422852,
            28.0168743133545,
            -1.0,
            -1.0,
            -1.0,
            31.3757057189941,
            -1.0,
            -1.0,
            -1.0,
            -1.0,
            -1.0,
            -1.0,
            -1.0,
            -1.0,
            -1.0,
            4.02861070632935,
            0.0,
            4.92893981933594,
            -1.0,
            -1.0,
            -1.0,
            -1.0,
            -1.0,
            -1.0,
            -1.0,
            -1.0,
            -1.0,
            28.0554885864258,
            -1.0,
            54.4993591308594,
            54.7284088134766,
            58.2535591125488,
            -1.0,
            -1.0,
            -1.0,
            -1.0,
            -1.0,
            64.2259750366211,
            59.26806640625,
            95.323616027832,
            102.145011901855,
            -1.0,
            93.4329833984375,
            85.5399398803711
        ],
        [
            -1.0,
            -1.0,
            -1.0,
            -1.0,
            100.601486206055,
            30.2015419006348,
            -1.0,
            -1.0,
            -1.0,
            28.9067859649658,
            -1.0,
            -1.0,
            -1.0,
            -1.0,
            -1.0,
            -1.0,
            -1.0,
            -1.0,
            -1.0,
            -1.0,
            4.92893981933594,
            0.0,
            7.17545413970947,
            -1.0,
            -1.0,
            -1.0,
            -1.0,
            -1.0,
            -1.0,
            -1.0,
            -1.0,
            -1.0,
            -1.0,
            58.0886764526367,
            58.602481842041,
            62.2641334533691,
            -1.0,
            -1.0,
            -1.0,
            -1.0,
            -1.0,
            -1.0,
            61.7845726013184,
            100.215263366699,
            107.041389465332,
            -1.0,
            97.9101257324219,
            90.408805847168
        ],
        [
            -1.0,
            -1.0,
            -1.0,
            -1.0,
            -1.0,
            36.1517219543457,
            -1.0,
            -1.0,
            -1.0,
            29.2802085876465,
            -1.0,
            -1.0,
            -1.0,
            -1.0,
            -1.0,
            -1.0,
            -1.0,
            -1.0,
            -1.0,
            -1.0,
            -1.0,
            7.17545413970947,
            0.0,
            3.0680935382843,
            -1.0,
            -1.0,
            -1.0,
            -1.0,
            -1.0,
            -1.0,
            -1.0,
            -1.0,
            -1.0,
            64.8866424560547,
            65.5634613037109,
            69.289306640625,
            -1.0,
            -1.0,
            -1.0,
            -1.0,
            -1.0,
            -1.0,
            -1.0,
            -1.0,
            -1.0,
            -1.0,
            105.080146789551,
            -1.0
        ],
        [
            -1.0,
            -1.0,
            -1.0,
            -1.0,
            -1.0,
            39.1958847045898,
            -1.0,
            -1.0,
            -1.0,
            31.0678405761719,
            -1.0,
            -1.0,
            -1.0,
            -1.0,
            -1.0,
            -1.0,
            -1.0,
            -1.0,
            -1.0,
            -1.0,
            -1.0,
            -1.0,
            3.0680935382843,
            0.0,
            4.02864837646484,
            -1.0,
            -1.0,
            -1.0,
            -1.0,
            -1.0,
            -1.0,
            -1.0,
            -1.0,
            -1.0,
            -1.0,
            -1.0,
            -1.0,
            -1.0,
            -1.0,
            -1.0,
            -1.0,
            -1.0,
            -1.0,
            -1.0,
            -1.0,
            -1.0,
            -1.0,
            -1.0
        ],
        [
            -1.0,
            -1.0,
            -1.0,
            -1.0,
            -1.0,
            -1.0,
            -1.0,
            -1.0,
            -1.0,
            34.4957237243652,
            -1.0,
            -1.0,
            -1.0,
            -1.0,
            -1.0,
            -1.0,
            -1.0,
            -1.0,
            -1.0,
            -1.0,
            -1.0,
            -1.0,
            -1.0,
            4.02864837646484,
            0.0,
            7.12460327148438,
            -1.0,
            -1.0,
            -1.0,
            -1.0,
            -1.0,
            -1.0,
            -1.0,
            -1.0,
            -1.0,
            -1.0,
            -1.0,
            -1.0,
            -1.0,
            -1.0,
            -1.0,
            -1.0,
            -1.0,
            -1.0,
            -1.0,
            -1.0,
            -1.0,
            -1.0
        ],
        [
            -1.0,
            -1.0,
            -1.0,
            -1.0,
            -1.0,
            -1.0,
            -1.0,
            -1.0,
            -1.0,
            41.6103935241699,
            6.26471614837646,
            -1.0,
            -1.0,
            -1.0,
            -1.0,
            -1.0,
            -1.0,
            -1.0,
            -1.0,
            -1.0,
            -1.0,
            -1.0,
            -1.0,
            -1.0,
            7.12460327148438,
            0.0,
            -1.0,
            -1.0,
            -1.0,
            -1.0,
            -1.0,
            -1.0,
            -1.0,
            -1.0,
            -1.0,
            -1.0,
            -1.0,
            -1.0,
            -1.0,
            -1.0,
            -1.0,
            -1.0,
            -1.0,
            -1.0,
            -1.0,
            -1.0,
            -1.0,
            -1.0
        ],
        [
            -1.0,
            -1.0,
            -1.0,
            -1.0,
            -1.0,
            -1.0,
            -1.0,
            -1.0,
            -1.0,
            -1.0,
            -1.0,
            -1.0,
            25.9896240234375,
            17.066291809082,
            14.2997026443481,
            13.6631593704224,
            -1.0,
            -1.0,
            -1.0,
            -1.0,
            -1.0,
            -1.0,
            -1.0,
            -1.0,
            -1.0,
            -1.0,
            0.0,
            79.214729309082,
            -1.0,
            -1.0,
            -1.0,
            -1.0,
            10.5379867553711,
            -1.0,
            -1.0,
            -1.0,
            -1.0,
            -1.0,
            -1.0,
            -1.0,
            -1.0,
            -1.0,
            -1.0,
            -1.0,
            -1.0,
            -1.0,
            -1.0,
            -1.0
        ],
        [
            -1.0,
            -1.0,
            -1.0,
            -1.0,
            -1.0,
            -1.0,
            -1.0,
            -1.0,
            -1.0,
            -1.0,
            -1.0,
            106.897018432617,
            100.777389526367,
            93.8937835693359,
            92.5523681640625,
            92.5957183837891,
            -1.0,
            -1.0,
            -1.0,
            -1.0,
            -1.0,
            -1.0,
            -1.0,
            -1.0,
            -1.0,
            -1.0,
            79.214729309082,
            0.0,
            14.4626445770264,
            -1.0,
            -1.0,
            -1.0,
            -1.0,
            -1.0,
            -1.0,
            -1.0,
            -1.0,
            -1.0,
            -1.0,
            -1.0,
            -1.0,
            -1.0,
            -1.0,
            -1.0,
            -1.0,
            -1.0,
            -1.0,
            -1.0
        ],
        [
            23.4360866546631,
            -1.0,
            -1.0,
            -1.0,
            -1.0,
            -1.0,
            -1.0,
            -1.0,
            -1.0,
            -1.0,
            -1.0,
            -1.0,
            -1.0,
            -1.0,
            -1.0,
            -1.0,
            -1.0,
            -1.0,
            -1.0,
            -1.0,
            -1.0,
            -1.0,
            -1.0,
            -1.0,
            -1.0,
            -1.0,
            -1.0,
            14.4626445770264,
            0.0,
            10.8666305541992,
            -1.0,
            -1.0,
            -1.0,
            -1.0,
            -1.0,
            -1.0,
            -1.0,
            -1.0,
            -1.0,
            -1.0,
            -1.0,
            -1.0,
            -1.0,
            110.96312713623,
            111.800033569336,
            -1.0,
            -1.0,
            -1.0
        ],
        [
            30.8199024200439,
            -1.0,
            -1.0,
            -1.0,
            -1.0,
            -1.0,
            -1.0,
            -1.0,
            -1.0,
            -1.0,
            -1.0,
            -1.0,
            -1.0,
            -1.0,
            -1.0,
            -1.0,
            -1.0,
            -1.0,
            -1.0,
            -1.0,
            -1.0,
            -1.0,
            -1.0,
            -1.0,
            -1.0,
            -1.0,
            -1.0,
            -1.0,
            10.8666305541992,
            0.0,
            12.3127775192261,
            -1.0,
            -1.0,
            134.269561767578,
            129.744537353516,
            128.347717285156,
            136.024749755859,
            138.866455078125,
            143.344635009766,
            -1.0,
            -1.0,
            -1.0,
            -1.0,
            100.146766662598,
            101.073272705078,
            -1.0,
            -1.0,
            101.3212890625
        ],
        [
            42.7259292602539,
            -1.0,
            66.4330902099609,
            136.76286315918,
            -1.0,
            123.552505493164,
            156.189895629883,
            -1.0,
            -1.0,
            -1.0,
            -1.0,
            -1.0,
            -1.0,
            -1.0,
            -1.0,
            -1.0,
            -1.0,
            -1.0,
            -1.0,
            -1.0,
            -1.0,
            -1.0,
            -1.0,
            -1.0,
            -1.0,
            -1.0,
            -1.0,
            -1.0,
            -1.0,
            12.3127775192261,
            0.0,
            85.3330230712891,
            -1.0,
            121.963531494141,
            117.447357177734,
            116.079566955566,
            123.980690002441,
            126.904975891113,
            131.39680480957,
            -1.0,
            -1.0,
            -1.0,
            138.131500244141,
            89.4179000854492,
            90.8011245727539,
            -1.0,
            116.291175842285,
            90.0054016113281
        ],
        [
            -1.0,
            -1.0,
            18.9853630065918,
            54.2130813598633,
            76.1621246337891,
            39.1343612670898,
            75.1786804199219,
            -1.0,
            -1.0,
            56.6004409790039,
            -1.0,
            -1.0,
            -1.0,
            -1.0,
            23.6098613739014,
            21.0437488555908,
            16.0453281402588,
            14.2885637283325,
            18.0479984283447,
            24.0541172027588,
            28.0554885864258,
            -1.0,
            -1.0,
            -1.0,
            -1.0,
            -1.0,
            -1.0,
            -1.0,
            -1.0,
            -1.0,
            85.3330230712891,
            0.0,
            17.5208854675293,
            49.8453941345215,
            47.4750595092773,
            49.1512641906738,
            65.3047256469727,
            70.0666885375977,
            -1.0,
            -1.0,
            -1.0,
            67.3980026245117,
            61.8139915466309,
            71.6576232910156,
            78.2328720092773,
            -1.0,
            76.5382232666016,
            62.6973495483398
        ],
        [
            -1.0,
            -1.0,
            -1.0,
            64.6960296630859,
            -1.0,
            48.2908630371094,
            85.9460983276367,
            -1.0,
            -1.0,
            -1.0,
            -1.0,
            -1.0,
            -1.0,
            10.6236381530762,
            6.62385272979736,
            4.47747039794922,
            4.54767942428589,
            9.03286933898926,
            -1.0,
            -1.0,
            -1.0,
            -1.0,
            -1.0,
            -1.0,
            -1.0,
            -1.0,
            10.5379867553711,
            -1.0,
            -1.0,
            -1.0,
            -1.0,
            17.5208854675293,
            0.0,
            65.5130767822266,
            63.7281837463379,
            65.8375244140625,
            82.416877746582,
            87.2282028198242,
            -1.0,
            -1.0,
            -1.0,
            81.06591796875,
            75.5759429931641,
            -1.0,
            -1.0,
            -1.0,
            -1.0,
            -1.0
        ],
        [
            163.68098449707,
            -1.0,
            64.0639266967773,
            26.8845329284668,
            -1.0,
            30.7654113769531,
            37.7157096862793,
            -1.0,
            -1.0,
            -1.0,
            -1.0,
            -1.0,
            -1.0,
            -1.0,
            -1.0,
            -1.0,
            62.1489753723145,
            57.9981994628906,
            54.304744720459,
            53.3631782531738,
            54.4993591308594,
            58.0886764526367,
            64.8866424560547,
            -1.0,
            -1.0,
            -1.0,
            -1.0,
            -1.0,
            -1.0,
            134.269561767578,
            121.963531494141,
            49.8453941345215,
            65.5130767822266,
            0.0,
            5.01217603683472,
            -1.0,
            -1.0,
            -1.0,
            -1.0,
            -1.0,
            -1.0,
            -1.0,
            16.8198394775391,
            -1.0,
            -1.0,
            -1.0,
            -1.0,
            -1.0
        ],
        [
            159.026412963867,
            -1.0,
            60.7176170349121,
            31.0552940368652,
            49.0707206726074,
            32.8913269042969,
            42.7212257385254,
            -1.0,
            -1.0,
            -1.0,
            -1.0,
            -1.0,
            -1.0,
            -1.0,
            -1.0,
            -1.0,
            60.6031188964844,
            56.627758026123,
            53.5362739562988,
            53.2384796142578,
            54.7284088134766,
            58.602481842041,
            65.5634613037109,
            -1.0,
            -1.0,
            -1.0,
            -1.0,
            -1.0,
            -1.0,
            129.744537353516,
            117.447357177734,
            47.4750595092773,
            63.7281837463379,
            5.01217603683472,
            0.0,
            4.49317932128906,
            -1.0,
            -1.0,
            -1.0,
            -1.0,
            -1.0,
            -1.0,
            -1.0,
            -1.0,
            -1.0,
            -1.0,
            -1.0,
            47.4226608276367
        ],
        [
            157.332946777344,
            -1.0,
            61.2615051269531,
            -1.0,
            44.5983810424805,
            37.2333335876465,
            -1.0,
            -1.0,
            -1.0,
            -1.0,
            -1.0,
            -1.0,
            -1.0,
            -1.0,
            -1.0,
            -1.0,
            62.9225425720215,
            59.103401184082,
            56.4617118835449,
            56.5706062316895,
            58.2535591125488,
            62.2641334533691,
            69.289306640625,
            -1.0,
            -1.0,
            -1.0,
            -1.0,
            -1.0,
            -1.0,
            128.347717285156,
            116.079566955566,
            49.1512641906738,
            65.8375244140625,
            -1.0,
            4.49317932128906,
            0.0,
            17.4538326263428,
            -1.0,
            -1.0,
            -1.0,
            -1.0,
            -1.0,
            -1.0,
            -1.0,
            -1.0,
            -1.0,
            38.1994171142578,
            43.4557228088379
        ],
        [
            163.687744140625,
            -1.0,
            75.2851104736328,
            -1.0,
            -1.0,
            -1.0,
            -1.0,
            -1.0,
            -1.0,
            -1.0,
            -1.0,
            -1.0,
            -1.0,
            -1.0,
            -1.0,
            85.1596450805664,
            79.7524719238281,
            76.1014099121094,
            73.7915344238281,
            74.0232086181641,
            -1.0,
            -1.0,
            -1.0,
            -1.0,
            -1.0,
            -1.0,
            -1.0,
            -1.0,
            -1.0,
            136.024749755859,
            123.980690002441,
            65.3047256469727,
            82.416877746582,
            -1.0,
            -1.0,
            17.4538326263428,
            0.0,
            4.89653348922729,
            -1.0,
            -1.0,
            -1.0,
            -1.0,
            -1.0,
            -1.0,
            -1.0,
            41.9194755554199,
            25.2293853759766,
            40.6660957336426
        ],
        [
            166.147750854492,
            -1.0,
            79.6723022460938,
            -1.0,
            -1.0,
            -1.0,
            -1.0,
            -1.0,
            -1.0,
            -1.0,
            -1.0,
            -1.0,
            -1.0,
            -1.0,
            -1.0,
            90.0041580200195,
            84.599365234375,
            80.9697799682617,
            78.6876449584961,
            -1.0,
            -1.0,
            -1.0,
            -1.0,
            -1.0,
            -1.0,
            -1.0,
            -1.0,
            -1.0,
            -1.0,
            138.866455078125,
            126.904975891113,
            70.0666885375977,
            87.2282028198242,
            -1.0,
            -1.0,
            -1.0,
            4.89653348922729,
            0.0,
            4.52862548828125,
            -1.0,
            -1.0,
            -1.0,
            -1.0,
            -1.0,
            -1.0,
            39.2027206420898,
